Simulation Algoritmo Evolucionario.Configuration: Generation_Birth = 5
Maximum_Population = 20
N = 1


Generation: 0

[[ 6  6 16]
 [ 6 10  6]
 [ 8 14 14]
 [ 6 10  4]]

[[ 4  8  6]
 [ 4  6 16]
 [10 14 12]
 [12 12 14]]

[[14 12  6]]

Espessura: 0.0204, F: 175.13880671151102

Generation: 1

[[10  6 14]
 [ 6  4  2]
 [10  8 18]
 [ 2 14  0]]

[[ 6 12  4]
 [ 2  2 16]
 [ 6  8 14]
 [16 16 14]]

[[ 8 16  6]]

Espessura: 0.0204, F: 159.6767835572611

Generation: 2

[[14  0 10]
 [10  0  0]
 [14  6 12]
 [ 0  8  0]]

[[ 6 18  2]
 [ 0  8 18]
 [10 10 18]
 [10 14 14]]

[[ 4 20  4]]

Espessura: 0.0202, F: 140.11519196958693

Generation: 3

[[14  0 10]
 [10  0  0]
 [14  6 12]
 [ 0  8  0]]

[[ 6 18  2]
 [ 0  8 18]
 [10 10 18]
 [10 14 14]]

[[ 4 20  4]]

Espessura: 0.0202, F: 140.11519196958693

Generation: 4

[[10  4  2]
 [ 4  4  0]
 [ 2  0 14]
 [ 4  0  2]]

[[14 10 14]
 [20 18 14]
 [ 0 18  4]
 [16 14 12]]

[[14 12 12]]

Espessura: 0.02125, F: 117.55272170030213

Generation: 5

[[10  4  2]
 [ 4  4  0]
 [ 2  0 14]
 [ 4  0  2]]

[[14 10 14]
 [20 18 14]
 [ 0 18  4]
 [16 14 12]]

[[14 12 12]]

Espessura: 0.02125, F: 117.55272170030213

Generation: 6

[[ 4  0  8]
 [ 6  0  4]
 [ 0  0 14]
 [ 0  2  8]]

[[ 8  4 20]
 [20 12 20]
 [ 6 20  8]
 [10  8 10]]

[[12  6  6]]

Espessura: 0.02145, F: 112.00261773364232

Generation: 7

[[ 0  4  2]
 [ 0  8  0]
 [16  2  4]
 [ 0  0  2]]

[[16  0  4]
 [ 0  2 20]
 [26  0 14]
 [18 20  6]]

[[6 4 2]]

Espessura: 0.0194, F: 96.7290039440065

Generation: 8

[[ 4  0  2]
 [ 0  8  0]
 [14  0  0]
 [ 0  0  2]]

[[18  2 10]
 [ 6  6 22]
 [26  0 14]
 [14 20  4]]

[[4 2 0]]

Espessura: 0.019, F: 93.41492514500767

Generation: 9

[[ 4  0  2]
 [ 0  8  0]
 [14  0  0]
 [ 0  0  2]]

[[18  2 10]
 [ 6  6 22]
 [26  0 14]
 [14 20  4]]

[[4 2 0]]

Espessura: 0.019, F: 93.41492514500767

Generation: 10

[[ 4  0  2]
 [ 0  8  0]
 [14  0  0]
 [ 0  0  2]]

[[18  2 10]
 [ 6  6 22]
 [26  0 14]
 [14 20  4]]

[[4 2 0]]

Espessura: 0.019, F: 93.41492514500767

Generation: 11

[[ 0  0  2]
 [10 10  6]
 [ 0  0 10]
 [ 0  4  0]]

[[ 2  2 12]
 [10  0 16]
 [ 4 34 10]
 [ 4  0  6]]

[[26  6  0]]

Espessura: 0.02085, F: 90.88430117885456

Generation: 12

[[8 0 6]
 [0 6 0]
 [4 0 2]
 [0 0 0]]

[[ 8  4  0]
 [ 8  8 12]
 [30 16 16]
 [ 8 14  2]]

[[2 0 4]]

Espessura: 0.0193, F: 82.64655127704455

Generation: 13

[[ 4  0  0]
 [ 4  6  4]
 [ 2  0 16]
 [ 0  0  0]]

[[ 2  0  6]
 [ 8  0 18]
 [ 8 30  4]
 [ 8  4  2]]

[[26  6  4]]

Espessura: 0.02135, F: 79.07311313914752

Generation: 14

[[0 6 2]
 [0 2 0]
 [8 0 0]
 [0 0 4]]

[[ 8  2 10]
 [ 0  0 14]
 [32  4  6]
 [10 26 10]]

[[ 0 10  2]]

Espessura: 0.0192, F: 76.07546678077338

Generation: 15

[[0 6 2]
 [0 2 0]
 [8 0 0]
 [0 0 4]]

[[ 8  2 10]
 [ 0  0 14]
 [32  4  6]
 [10 26 10]]

[[ 0 10  2]]

Espessura: 0.0192, F: 76.07546678077338

Generation: 16

[[0 6 2]
 [0 2 0]
 [8 0 0]
 [0 0 4]]

[[ 8  2 10]
 [ 0  0 14]
 [32  4  6]
 [10 26 10]]

[[ 0 10  2]]

Espessura: 0.0192, F: 76.07546678077338

Generation: 17

[[0 6 2]
 [0 2 0]
 [8 0 0]
 [0 0 4]]

[[ 8  2 10]
 [ 0  0 14]
 [32  4  6]
 [10 26 10]]

[[ 0 10  2]]

Espessura: 0.0192, F: 76.07546678077338

Generation: 18

[[ 4  0  8]
 [ 2  0  0]
 [ 6 10  0]
 [ 0  0  0]]

[[ 4  0  8]
 [ 2  2 20]
 [ 2 22  0]
 [18  8  0]]

[[30 10  0]]

Espessura: 0.02025, F: 71.40659713047641

Generation: 19

[[ 4  0  8]
 [ 2  0  0]
 [ 6 10  0]
 [ 0  0  0]]

[[ 4  0  8]
 [ 2  2 20]
 [ 2 22  0]
 [18  8  0]]

[[30 10  0]]

Espessura: 0.02025, F: 71.40659713047641

Generation: 20

[[ 4  0  0]
 [ 2  2 10]
 [ 0  0 10]
 [ 2  0  0]]

[[ 8  2  0]
 [ 6  6 14]
 [ 4 24  0]
 [12  0  0]]

[[22  2  0]]

Espessura: 0.0213, F: 66.17154463900644

Generation: 21

[[ 4  0  0]
 [ 2  2 10]
 [ 0  0 10]
 [ 2  0  0]]

[[ 8  2  0]
 [ 6  6 14]
 [ 4 24  0]
 [12  0  0]]

[[22  2  0]]

Espessura: 0.0213, F: 66.17154463900644

Generation: 22

[[ 4  0  0]
 [ 2  2 10]
 [ 0  0 10]
 [ 2  0  0]]

[[ 8  2  0]
 [ 6  6 14]
 [ 4 24  0]
 [12  0  0]]

[[22  2  0]]

Espessura: 0.0213, F: 66.17154463900644

Generation: 23

[[ 4  0  0]
 [ 2  2 10]
 [ 0  0 10]
 [ 2  0  0]]

[[ 8  2  0]
 [ 6  6 14]
 [ 4 24  0]
 [12  0  0]]

[[22  2  0]]

Espessura: 0.0213, F: 66.17154463900644

Generation: 24

[[ 4  0  0]
 [ 2  2 10]
 [ 0  0 10]
 [ 2  0  0]]

[[ 8  2  0]
 [ 6  6 14]
 [ 4 24  0]
 [12  0  0]]

[[22  2  0]]

Espessura: 0.0213, F: 66.17154463900644