Simulation Algoritmo Evolucionario.Configuration: Generation_Birth = 5
Maximum_Population = 20
N = 1


Generation: 0

[[ 4  6  8]
 [ 4  4  6]
 [16 14 10]
 [ 6 16  4]]

[[ 4  6 16]
 [16 12  4]
 [14  8  8]
 [ 6  4 14]]

[[16 16 16]]

Espessura: 0.0097, F: 163.77850151710206

Generation: 1

[[ 8  2  4]
 [ 0  0  6]
 [22 14 10]
 [ 4 22  2]]

[[ 8  4 16]
 [16 14  0]
 [12  8 14]
 [ 0  0 16]]

[[22 10 14]]

Espessura: 0.00945, F: 157.40328404521935

Generation: 2

[[ 2  6  8]
 [ 4 10  8]
 [16  8 10]
 [ 2 18  0]]

[[ 0  0 18]
 [20  4  8]
 [ 4 12  8]
 [ 6  0 12]]

[[24 28 14]]

Espessura: 0.0087, F: 148.45700211514816

Generation: 3

[[ 0  0  8]
 [ 6  8  8]
 [10 10 14]
 [ 8 12  0]]

[[ 2  0 18]
 [20  2 10]
 [ 0 14  6]
 [ 4  0 12]]

[[30 34 18]]

Espessura: 0.00825, F: 135.99744654872376

Generation: 4

[[ 0  0 10]
 [ 4  6  6]
 [14 10 12]
 [ 8  8  0]]

[[ 6  2 12]
 [18 14  2]
 [ 4 16  6]
 [ 2  4  6]]

[[14 20 10]]

Espessura: 0.0081, F: 131.07424120923326

Generation: 5

[[ 2  4  4]
 [ 6  2  0]
 [ 2 10  2]
 [ 0 12  0]]

[[ 6  2 24]
 [ 6 16  0]
 [20  6  2]
 [ 8  0 12]]

[[26 10 12]]

Espessura: 0.0094, F: 95.8325751795959

Generation: 6

[[ 2  4  4]
 [ 6  2  0]
 [ 2 10  2]
 [ 0 12  0]]

[[ 6  2 24]
 [ 6 16  0]
 [20  6  2]
 [ 8  0 12]]

[[26 10 12]]

Espessura: 0.0094, F: 95.8325751795959

Generation: 7

[[ 0  6  4]
 [10  2  0]
 [ 0  8  2]
 [ 0  4  4]]

[[ 0  8 28]
 [ 4 10  0]
 [30  2  0]
 [ 8  6 18]]

[[24  2 14]]

Espessura: 0.01005, F: 94.81386574839155

Generation: 8

[[ 2  4  4]
 [ 0  2  0]
 [ 6 16  0]
 [ 0  4  6]]

[[10 10 22]
 [ 0  8  0]
 [24  8  0]
 [ 8  0  6]]

[[18  0 10]]

Espessura: 0.00935, F: 93.25230165605882

Generation: 9

[[ 4  0  0]
 [ 2  2  0]
 [ 0 20 14]
 [ 0  0  0]]

[[ 0  0 14]
 [ 4 20  0]
 [24 10 10]
 [10  0  6]]

[[24  0  6]]

Espessura: 0.0102, F: 91.15182460435321

Generation: 10

[[ 4  0  0]
 [ 2  2  0]
 [ 0 20 14]
 [ 0  0  0]]

[[ 0  0 14]
 [ 4 20  0]
 [24 10 10]
 [10  0  6]]

[[24  0  6]]

Espessura: 0.0102, F: 91.15182460435321

Generation: 11

[[ 2  2  6]
 [ 0  6  0]
 [ 0 10  0]
 [ 0  4  2]]

[[10  4 18]
 [ 0 14  2]
 [20 10  6]
 [10  0  4]]

[[12  0  4]]

Espessura: 0.0092, F: 79.56677243981679

Generation: 12

[[ 2  4  0]
 [ 0  2  0]
 [ 0 14  2]
 [ 0  0  0]]

[[20 10 12]
 [10  6  0]
 [20 14  0]
 [ 6  8 14]]

[[26  0 14]]

Espessura: 0.00845, F: 79.50115055537192

Generation: 13

[[0 4 2]
 [4 0 0]
 [2 4 2]
 [0 0 6]]

[[ 0 14 24]
 [ 4  6  4]
 [34  0  4]
 [ 2  8 14]]

[[18  4 16]]

Espessura: 0.01015, F: 74.73623214146073

Generation: 14

[[2 6 0]
 [6 0 0]
 [0 8 4]
 [0 0 0]]

[[ 2  0 18]
 [ 0  8  6]
 [40  4  2]
 [12  0  4]]

[[32  0 16]]

Espessura: 0.01115, F: 70.59904701357664

Generation: 15

[[2 6 0]
 [6 0 0]
 [0 8 4]
 [0 0 0]]

[[ 2  0 18]
 [ 0  8  6]
 [40  4  2]
 [12  0  4]]

[[32  0 16]]

Espessura: 0.01115, F: 70.59904701357664

Generation: 16

[[10  2  0]
 [ 2  0  4]
 [ 4  6  0]
 [ 0  0  0]]

[[ 6  0 14]
 [ 0  8  6]
 [22  0  4]
 [12  0  6]]

[[22  2  6]]

Espessura: 0.0091, F: 65.01665286799482

Generation: 17

[[10  2  0]
 [ 2  0  4]
 [ 4  6  0]
 [ 0  0  0]]

[[ 6  0 14]
 [ 0  8  6]
 [22  0  4]
 [12  0  6]]

[[22  2  6]]

Espessura: 0.0091, F: 65.01665286799482

Generation: 18

[[10  2  0]
 [ 2  0  4]
 [ 4  6  0]
 [ 0  0  0]]

[[ 6  0 14]
 [ 0  8  6]
 [22  0  4]
 [12  0  6]]

[[22  2  6]]

Espessura: 0.0091, F: 65.01665286799482

Generation: 19

[[10  2  0]
 [ 2  0  4]
 [ 4  6  0]
 [ 0  0  0]]

[[ 6  0 14]
 [ 0  8  6]
 [22  0  4]
 [12  0  6]]

[[22  2  6]]

Espessura: 0.0091, F: 65.01665286799482

Generation: 20

[[0 6 0]
 [0 4 0]
 [2 4 0]
 [2 0 0]]

[[ 6  6 10]
 [ 4  4  2]
 [24 14 10]
 [14  0 10]]

[[12 14  8]]

Espessura: 0.00825, F: 64.89563316425298

Generation: 21

[[0 6 6]
 [2 2 6]
 [0 0 0]
 [0 6 0]]

[[ 2  0  4]
 [ 0  0  8]
 [24 12  8]
 [10  0  6]]

[[10 14  6]]

Espessura: 0.00875, F: 63.70989964810918

Generation: 22

[[0 6 6]
 [2 2 6]
 [0 0 0]
 [0 6 0]]

[[ 2  0  4]
 [ 0  0  8]
 [24 12  8]
 [10  0  6]]

[[10 14  6]]

Espessura: 0.00875, F: 63.70989964810918

Generation: 23

[[0 6 6]
 [2 2 6]
 [0 0 0]
 [0 6 0]]

[[ 2  0  4]
 [ 0  0  8]
 [24 12  8]
 [10  0  6]]

[[10 14  6]]

Espessura: 0.00875, F: 63.70989964810918

Generation: 24

[[0 6 6]
 [2 2 6]
 [0 0 0]
 [0 6 0]]

[[ 2  0  4]
 [ 0  0  8]
 [24 12  8]
 [10  0  6]]

[[10 14  6]]

Espessura: 0.00875, F: 63.70989964810918

Generation: 25

[[0 6 0]
 [4 2 0]
 [0 0 0]
 [8 0 0]]

[[ 0  0 14]
 [ 0  0  8]
 [28 10  4]
 [18  6  4]]

[[16 20  2]]

Espessura: 0.0081, F: 61.643902271803185

Generation: 26

[[0 6 0]
 [4 2 0]
 [0 0 0]
 [8 0 0]]

[[ 0  0 14]
 [ 0  0  8]
 [28 10  4]
 [18  6  4]]

[[16 20  2]]

Espessura: 0.0081, F: 61.643902271803185

Generation: 27

[[0 6 0]
 [4 2 0]
 [0 0 0]
 [8 0 0]]

[[ 0  0 14]
 [ 0  0  8]
 [28 10  4]
 [18  6  4]]

[[16 20  2]]

Espessura: 0.0081, F: 61.643902271803185

Generation: 28

[[ 6  0  2]
 [ 0  0  4]
 [ 0 12  2]
 [ 0  0  0]]

[[10  4  4]
 [10  0  8]
 [32  2  0]
 [ 2  0  0]]

[[ 4 16  0]]

Espessura: 0.0086, F: 60.66049886217914

Generation: 29

[[6 0 0]
 [0 6 0]
 [0 6 0]
 [0 0 0]]

[[ 0  4  4]
 [ 0  6  6]
 [22 12 16]
 [14  2  4]]

[[10 18 14]]

Espessura: 0.0078, F: 59.09927559530829

Generation: 30

[[6 0 0]
 [0 6 0]
 [0 6 0]
 [0 0 0]]

[[ 0  4  4]
 [ 0  6  6]
 [22 12 16]
 [14  2  4]]

[[10 18 14]]

Espessura: 0.0078, F: 59.09927559530829

Generation: 31

[[6 0 0]
 [0 6 0]
 [0 6 0]
 [0 0 0]]

[[ 0  4  4]
 [ 0  6  6]
 [22 12 16]
 [14  2  4]]

[[10 18 14]]

Espessura: 0.0078, F: 59.09927559530829

Generation: 32

[[6 0 0]
 [0 6 0]
 [0 6 0]
 [0 0 0]]

[[ 0  4  4]
 [ 0  6  6]
 [22 12 16]
 [14  2  4]]

[[10 18 14]]

Espessura: 0.0078, F: 59.09927559530829

Generation: 33

[[6 0 0]
 [0 6 0]
 [0 6 0]
 [0 0 0]]

[[ 0  4  4]
 [ 0  6  6]
 [22 12 16]
 [14  2  4]]

[[10 18 14]]

Espessura: 0.0078, F: 59.09927559530829