Simulation Algoritmo Evolucionario.Configuration: Generation_Birth = 5
Maximum_Population = 20
N = 1


Generation: 0

[[10 16 12]
 [ 4  4  4]
 [16 14  6]
 [ 4 14  6]]

[[10  6  6]
 [ 4 12 16]
 [ 6  6  8]
 [ 8 14 12]]

[[12 14 12]]

Espessura: 0.03455, F: 177.4583065931007

Generation: 1

[[ 4  6  4]
 [ 4 12 12]
 [ 4 14  4]
 [14 10  8]]

[[12  4  4]
 [14  4  6]
 [12  8  4]
 [16 10 14]]

[[16 10  4]]

Espessura: 0.03545, F: 160.2108605008275

Generation: 2

[[10 10  0]
 [ 0  6  8]
 [ 8 12 10]
 [ 8 10  2]]

[[12 10  4]
 [16  2 10]
 [ 6 14  8]
 [10  4  8]]

[[10  8  0]]

Espessura: 0.03595, F: 144.56410265124111

Generation: 3

[[ 4  8  4]
 [ 4 18  4]
 [ 2  8  0]
 [ 0  0  8]]

[[12  6 12]
 [ 2 12 10]
 [16  8 22]
 [ 6 16  4]]

[[12  8  0]]

Espessura: 0.0346, F: 124.84023869040931

Generation: 4

[[ 0  8  8]
 [ 2  8  2]
 [18  8  0]
 [ 2  0  0]]

[[ 8  0 22]
 [ 2 10 14]
 [22  2  4]
 [12  6  2]]

[[12 22  6]]

Espessura: 0.0344, F: 110.05583194027159

Generation: 5

[[ 0  8  8]
 [ 2  8  2]
 [18  8  0]
 [ 2  0  0]]

[[ 8  0 22]
 [ 2 10 14]
 [22  2  4]
 [12  6  2]]

[[12 22  6]]

Espessura: 0.0344, F: 110.05583194027159

Generation: 6

[[0 4 0]
 [2 4 0]
 [6 6 6]
 [6 0 8]]

[[ 0 10 10]
 [ 2  0 20]
 [18  0  2]
 [ 4 12 14]]

[[10 18  6]]

Espessura: 0.0348, F: 87.460782896898

Generation: 7

[[0 4 0]
 [2 4 0]
 [6 6 6]
 [6 0 8]]

[[ 0 10 10]
 [ 2  0 20]
 [18  0  2]
 [ 4 12 14]]

[[10 18  6]]

Espessura: 0.0348, F: 87.460782896898

Generation: 8

[[0 4 2]
 [2 6 8]
 [4 4 0]
 [0 0 4]]

[[ 8  2  6]
 [ 6  2 14]
 [20  8  4]
 [ 0 26 12]]

[[12 10 18]]

Espessura: 0.03485, F: 85.12673074215387

Generation: 9

[[ 0  4  0]
 [ 0  0 12]
 [ 2  8  0]
 [ 0  0  2]]

[[ 0  2 16]
 [ 4  2 16]
 [32  0 22]
 [ 4  0  2]]

[[12 28 20]]

Espessura: 0.03425, F: 73.12754645050804

Generation: 10

[[ 0  4  0]
 [ 0  0 12]
 [ 2  8  0]
 [ 0  0  2]]

[[ 0  2 16]
 [ 4  2 16]
 [32  0 22]
 [ 4  0  2]]

[[12 28 20]]

Espessura: 0.03425, F: 73.12754645050804

Generation: 11

[[ 0  4  0]
 [ 0  0 12]
 [ 2  8  0]
 [ 0  0  2]]

[[ 0  2 16]
 [ 4  2 16]
 [32  0 22]
 [ 4  0  2]]

[[12 28 20]]

Espessura: 0.03425, F: 73.12754645050804

Generation: 12

[[ 0  2  4]
 [ 0  6  0]
 [12  0  0]
 [ 0  2  0]]

[[ 2 12 16]
 [ 0 16 14]
 [18  8  0]
 [ 0  0  0]]

[[14 24  6]]

Espessura: 0.03555, F: 67.04710841147038

Generation: 13

[[ 0  2  4]
 [ 0  6  0]
 [12  0  0]
 [ 0  2  0]]

[[ 2 12 16]
 [ 0 16 14]
 [18  8  0]
 [ 0  0  0]]

[[14 24  6]]

Espessura: 0.03555, F: 67.04710841147038

Generation: 14

[[4 0 8]
 [0 2 0]
 [8 0 0]
 [2 0 0]]

[[ 0  8 14]
 [ 4 16 18]
 [12 10  0]
 [ 0  2  0]]

[[10 28  0]]

Espessura: 0.03505, F: 62.80702299413066

Generation: 15

[[4 0 8]
 [0 2 0]
 [8 0 0]
 [2 0 0]]

[[ 0  8 14]
 [ 4 16 18]
 [12 10  0]
 [ 0  2  0]]

[[10 28  0]]

Espessura: 0.03505, F: 62.80702299413066

Generation: 16

[[4 0 8]
 [0 2 0]
 [8 0 0]
 [2 0 0]]

[[ 0  8 14]
 [ 4 16 18]
 [12 10  0]
 [ 0  2  0]]

[[10 28  0]]

Espessura: 0.03505, F: 62.80702299413066

Generation: 17

[[2 6 0]
 [0 2 0]
 [6 0 0]
 [0 0 2]]

[[ 0 12 20]
 [ 0 22  8]
 [20 12  0]
 [ 2  0  0]]

[[ 8 30  4]]

Espessura: 0.03585, F: 61.85774195749768

Generation: 18

[[2 6 0]
 [0 2 0]
 [6 0 0]
 [0 0 2]]

[[ 0 12 20]
 [ 0 22  8]
 [20 12  0]
 [ 2  0  0]]

[[ 8 30  4]]

Espessura: 0.03585, F: 61.85774195749768

Generation: 19

[[2 6 0]
 [0 2 0]
 [6 0 0]
 [0 0 2]]

[[ 0 12 20]
 [ 0 22  8]
 [20 12  0]
 [ 2  0  0]]

[[ 8 30  4]]

Espessura: 0.03585, F: 61.85774195749768

Generation: 20

[[2 6 0]
 [0 2 0]
 [6 0 0]
 [0 0 2]]

[[ 0 12 20]
 [ 0 22  8]
 [20 12  0]
 [ 2  0  0]]

[[ 8 30  4]]

Espessura: 0.03585, F: 61.85774195749768

Generation: 21

[[2 6 0]
 [0 2 0]
 [6 0 0]
 [0 0 2]]

[[ 0 12 20]
 [ 0 22  8]
 [20 12  0]
 [ 2  0  0]]

[[ 8 30  4]]

Espessura: 0.03585, F: 61.85774195749768