Simulation Algoritmo Evolucionario.Configuration: Generation_Birth = 5
Maximum_Population = 20
N = 1


Generation: 0

[[ 4  4  6]
 [ 8 14 12]
 [ 4 16 10]
 [ 4 16 16]]

[[ 6 10  8]
 [ 6 12 14]
 [ 4  6 16]
 [ 6  6 14]]

[[ 6 10 16]]

Espessura: 0.04465, F: 181.1274252472454

Generation: 1

[[ 4  4 12]
 [ 8  6  4]
 [ 6 12 14]
 [12  6  8]]

[[ 8  8  8]
 [ 0  0 14]
 [16 16 10]
 [12 14 10]]

[[16 10  6]]

Espessura: 0.04545, F: 161.63352332185747

Generation: 2

[[ 0  8 12]
 [ 2  2  0]
 [ 4 10 16]
 [ 8  4 10]]

[[ 4  2  2]
 [ 0  6 16]
 [10 16 14]
 [16 18  4]]

[[16 16 10]]

Espessura: 0.0452, F: 134.65423343223168

Generation: 3

[[ 8 10  6]
 [ 0  0 10]
 [ 4 20  0]
 [ 4  0  4]]

[[ 4 14 16]
 [14  4  2]
 [14 14 12]
 [ 4  0  2]]

[[20 22  8]]

Espessura: 0.04425, F: 121.02031200989923

Generation: 4

[[ 8 10  6]
 [ 0  0 10]
 [ 4 20  0]
 [ 4  0  4]]

[[ 4 14 16]
 [14  4  2]
 [14 14 12]
 [ 4  0  2]]

[[20 22  8]]

Espessura: 0.04425, F: 121.02031200989923

Generation: 5

[[ 2 10  0]
 [ 0  6  6]
 [ 6 20  0]
 [ 2  0  0]]

[[ 0 18 14]
 [16 10  6]
 [ 8  8 18]
 [ 2  4  4]]

[[16 20  4]]

Espessura: 0.04445, F: 109.06310824107149

Generation: 6

[[ 8  4  4]
 [ 2  4  2]
 [ 4 24  0]
 [ 0  0  0]]

[[ 8 12 14]
 [ 4  6  2]
 [20 22 14]
 [ 0  0  2]]

[[26 14  2]]

Espessura: 0.04415, F: 107.27834867380338

Generation: 7

[[ 0  4  4]
 [ 0  6  8]
 [ 2 14  0]
 [ 2  0  0]]

[[ 0 24  6]
 [16 14  4]
 [ 0 18 16]
 [ 2  2  6]]

[[26 18  0]]

Espessura: 0.0444, F: 94.1156335828953

Generation: 8

[[ 2 12  0]
 [ 0  0  0]
 [ 8 10  4]
 [ 0  0  0]]

[[10  0  0]
 [ 0  4  6]
 [ 8 16  4]
 [24  0  4]]

[[34 18  8]]

Espessura: 0.0458, F: 75.97475071997562

Generation: 9

[[ 2 12  0]
 [ 0  0  0]
 [ 8 10  4]
 [ 0  0  0]]

[[10  0  0]
 [ 0  4  6]
 [ 8 16  4]
 [24  0  4]]

[[34 18  8]]

Espessura: 0.0458, F: 75.97475071997562

Generation: 10

[[ 2 12  0]
 [ 0  0  0]
 [ 8 10  4]
 [ 0  0  0]]

[[10  0  0]
 [ 0  4  6]
 [ 8 16  4]
 [24  0  4]]

[[34 18  8]]

Espessura: 0.0458, F: 75.97475071997562

Generation: 11

[[ 2 12  0]
 [ 0  0  0]
 [ 8 10  4]
 [ 0  0  0]]

[[10  0  0]
 [ 0  4  6]
 [ 8 16  4]
 [24  0  4]]

[[34 18  8]]

Espessura: 0.0458, F: 75.97475071997562

Generation: 12

[[ 2 12  0]
 [ 0  0  0]
 [ 8 10  4]
 [ 0  0  0]]

[[10  0  0]
 [ 0  4  6]
 [ 8 16  4]
 [24  0  4]]

[[34 18  8]]

Espessura: 0.0458, F: 75.97475071997562