Simulation Algoritmo Evolucionario.Configuration: Generation_Birth = 5
Maximum_Population = 20
N = 1


Generation: 0

[[16 14 14]
 [16  8  8]
 [16  8  4]
 [ 6  4  4]]

[[ 4 12  8]
 [14  8 10]
 [ 8 12  6]
 [ 6  6 16]]

[[12 14 16]]

Espessura: 0.0303, F: 186.28930427109003

Generation: 1

[[10  8 14]
 [14  2 10]
 [10 12  2]
 [ 4  0 10]]

[[ 4  6  8]
 [10 14 10]
 [ 8  6  4]
 [12 12 10]]

[[18  8 20]]

Espessura: 0.0302, F: 156.53795557757434

Generation: 2

[[ 4  2 18]
 [18  6 10]
 [ 6 18  0]
 [ 0  0  8]]

[[ 0 10  4]
 [ 6 16  4]
 [14  8  2]
 [ 6 12 16]]

[[18  6 18]]

Espessura: 0.03035, F: 147.78595299688504

Generation: 3

[[10 12 12]
 [12  0  4]
 [10  6  0]
 [ 2  0  4]]

[[ 4 12 12]
 [ 4 18 10]
 [ 4  8  8]
 [ 6  6 16]]

[[22  2 22]]

Espessura: 0.03035, F: 130.20335048455277

Generation: 4

[[10 12 12]
 [12  0  4]
 [10  6  0]
 [ 2  0  4]]

[[ 4 12 12]
 [ 4 18 10]
 [ 4  8  8]
 [ 6  6 16]]

[[22  2 22]]

Espessura: 0.03035, F: 130.20335048455277

Generation: 5

[[ 4  0 18]
 [12  6  6]
 [ 6  8  0]
 [ 0  8  0]]

[[ 4  6  8]
 [ 6 18  0]
 [20 14 10]
 [ 0  4 24]]

[[16 10 28]]

Espessura: 0.0297, F: 128.03900742959075

Generation: 6

[[ 8  4  6]
 [ 6  4  0]
 [12  4  0]
 [ 6  6  4]]

[[10  2  2]
 [22 12 24]
 [ 6  0  6]
 [ 0  8 10]]

[[10 10 12]]

Espessura: 0.0299, F: 113.51938317236318

Generation: 7

[[ 8  2  2]
 [10  0  0]
 [28  8  2]
 [ 0  0  0]]

[[ 6  8  0]
 [18 12  6]
 [12  0  0]
 [12 10 10]]

[[14 18 16]]

Espessura: 0.0296, F: 110.70356021518545

Generation: 8

[[14  0 12]
 [ 6  0  0]
 [10  0  2]
 [ 0  0  4]]

[[14  0  0]
 [26  8 18]
 [ 0  0  6]
 [ 0 10 12]]

[[10  6 12]]

Espessura: 0.0303, F: 93.85921508542336

Generation: 9

[[10  0  6]
 [ 2  0  6]
 [12  0  4]
 [ 2  4  2]]

[[16  0  0]
 [24  2 12]
 [ 0  0  8]
 [ 0  8 14]]

[[12  2  6]]

Espessura: 0.02985, F: 89.9901162404027

Generation: 10

[[6 0 6]
 [4 0 2]
 [8 6 4]
 [0 0 6]]

[[ 6  6  0]
 [ 6 20 10]
 [24  0  0]
 [16  6  4]]

[[22  8 16]]

Espessura: 0.03095, F: 89.84044419527646

Generation: 11

[[ 2  0  0]
 [ 4  0  8]
 [ 0 14  2]
 [ 2  0  0]]

[[ 8  6 16]
 [ 6 10  2]
 [24  6 18]
 [ 2  6 20]]

[[22  6 22]]

Espessura: 0.03045, F: 88.70461652666945

Generation: 12

[[ 0  0 10]
 [ 8  0  4]
 [ 0  8  0]
 [ 0  0  0]]

[[ 6  6 14]
 [ 4  2  0]
 [24  0 20]
 [ 0  2 10]]

[[22  0 16]]

Espessura: 0.02955, F: 70.65830345925175

Generation: 13

[[ 0  0 10]
 [ 8  0  4]
 [ 0  8  0]
 [ 0  0  0]]

[[ 6  6 14]
 [ 4  2  0]
 [24  0 20]
 [ 0  2 10]]

[[22  0 16]]

Espessura: 0.02955, F: 70.65830345925175

Generation: 14

[[ 0  0 10]
 [ 8  0  4]
 [ 0  8  0]
 [ 0  0  0]]

[[ 6  6 14]
 [ 4  2  0]
 [24  0 20]
 [ 0  2 10]]

[[22  0 16]]

Espessura: 0.02955, F: 70.65830345925175

Generation: 15

[[ 0  0 10]
 [ 8  0  4]
 [ 0  8  0]
 [ 0  0  0]]

[[ 6  6 14]
 [ 4  2  0]
 [24  0 20]
 [ 0  2 10]]

[[22  0 16]]

Espessura: 0.02955, F: 70.65830345925175

Generation: 16

[[ 0  0 10]
 [ 8  0  4]
 [ 0  8  0]
 [ 0  0  0]]

[[ 6  6 14]
 [ 4  2  0]
 [24  0 20]
 [ 0  2 10]]

[[22  0 16]]

Espessura: 0.02955, F: 70.65830345925175