Simulation Algoritmo Evolucionario. Best SelectedConfiguration: Generation_Birth = 5
Maximum_Population = 20
N = 1


Generation: 0

[[ 0  6  0]
 [16  0  0]
 [ 0  0  0]
 [ 0  0  0]]

[[ 0  0  0]
 [16  6  2]
 [16  6  2]
 [ 0  0  0]]

[[16  6  0]]

Espessura: 0.0062823, F: 46.4853813667592

Generation: 1

[[ 0  6  0]
 [16  0  0]
 [ 0  0  0]
 [ 0  0  0]]

[[ 0  0  0]
 [16  6  2]
 [16  6  2]
 [ 0  0  0]]

[[16  6  0]]

Espessura: 0.0062823, F: 46.4853813667592

Generation: 2

[[ 0  6  0]
 [16  0  0]
 [ 0  0  0]
 [ 0  0  0]]

[[ 0  0  0]
 [16  6  2]
 [16  6  2]
 [ 0  0  0]]

[[16  6  0]]

Espessura: 0.0062823, F: 46.4853813667592

Generation: 3

[[ 0  6  0]
 [16  0  0]
 [ 0  0  0]
 [ 0  0  0]]

[[ 0  0  0]
 [16  6  2]
 [16  6  2]
 [ 0  0  0]]

[[16  6  0]]

Espessura: 0.0062823, F: 46.4853813667592

Generation: 4

[[ 0  6  0]
 [16  0  0]
 [ 0  0  0]
 [ 0  0  0]]

[[ 0  0  0]
 [16  6  2]
 [16  6  2]
 [ 0  0  0]]

[[16  6  0]]

Espessura: 0.0062823, F: 46.4853813667592

Generation: 5

[[ 0  6  0]
 [16  0  0]
 [ 0  0  0]
 [ 0  0  0]]

[[ 0  0  0]
 [16  6  2]
 [16  6  2]
 [ 0  0  0]]

[[16  6  0]]

Espessura: 0.0062823, F: 46.4853813667592