Simulation Algoritmo Evolucionario.Configuration: Generation_Birth = 5
Maximum_Population = 20
N = 3


Generation: 0

[[12 10 10]
 [14  6  6]
 [10 14 10]
 [ 8 14 12]]

[[ 6 12  8]
 [12  8 10]
 [18  6  6]
 [10 16  8]]

[[ 8 12 18]]

Espessura: 0.0, F: 200.42841220993859

Generation: 1

[[ 8 10 12]
 [14 12 10]
 [10 14  4]
 [ 8 12  8]]

[[12 10  2]
 [ 6  8 10]
 [24  0  8]
 [ 8 22  2]]

[[ 6 10 24]]

Espessura: 0.00025, F: 193.26732818555683

Generation: 2

[[ 6 16 10]
 [ 8 16  4]
 [ 8  8  0]
 [10  6 10]]

[[ 6  8  6]
 [ 8 10 12]
 [30  0  4]
 [ 4 26  8]]

[[ 4 14 20]]

Espessura: 0.0, F: 173.99801529445097

Generation: 3

[[ 8 12 14]
 [16  8  2]
 [ 6 10  6]
 [ 8  0  4]]

[[14 12  8]
 [ 8  2 10]
 [24  0  2]
 [10 22  8]]

[[10 16 24]]

Espessura: 0.00025, F: 161.87796880181867

Generation: 4

[[12  4  8]
 [ 4 10  4]
 [ 6 18  4]
 [ 2  2  8]]

[[ 8 18  8]
 [10  0  0]
 [32  0  4]
 [ 8 18  2]]

[[ 6 10 26]]

Espessura: 0.0002, F: 143.65143933553327

Generation: 5

[[16  4  2]
 [ 2  8  2]
 [ 0 20  0]
 [ 6  0  4]]

[[ 2 16  6]
 [ 8  6  0]
 [26  0 10]
 [ 6 24  0]]

[[ 2 12 32]]

Espessura: 0.00015, F: 121.76447953317341

Generation: 6

[[22  0  0]
 [ 0  4  0]
 [ 2 16  0]
 [ 2  0  2]]

[[ 6 20  6]
 [ 6 12  6]
 [24  6  4]
 [ 8 24  0]]

[[ 0 14 32]]

Espessura: 0.0, F: 109.75358270662966

Generation: 7

[[22  0  0]
 [ 4  2  0]
 [ 6 12  0]
 [ 0  0  0]]

[[ 2 14  0]
 [ 0  6  8]
 [28  0  0]
 [14 28  0]]

[[ 6 18 28]]

Espessura: 0.0003, F: 97.79238413750431

Generation: 8

[[22  0  0]
 [ 4  2  0]
 [ 6 12  0]
 [ 0  0  0]]

[[ 2 14  0]
 [ 0  6  8]
 [28  0  0]
 [14 28  0]]

[[ 6 18 28]]

Espessura: 0.0003, F: 97.79238413750431

Generation: 9

[[16  0  0]
 [ 0  0  2]
 [ 2 12  0]
 [ 0  4  0]]

[[ 2  4  8]
 [ 6  0  4]
 [28  0  6]
 [10 26  2]]

[[ 8 10 38]]

Espessura: 0.0002, F: 83.56143813963546

Generation: 10

[[16  0  0]
 [ 0  0  2]
 [ 2 12  0]
 [ 0  4  0]]

[[ 2  4  8]
 [ 6  0  4]
 [28  0  6]
 [10 26  2]]

[[ 8 10 38]]

Espessura: 0.0002, F: 83.56143813963546

Generation: 11

[[10  2  4]
 [ 0  2  0]
 [ 0 10  0]
 [ 0  0  4]]

[[ 0  2 10]
 [ 8  0  2]
 [26  2  2]
 [12 26  6]]

[[ 2  4 32]]

Espessura: 0.0003, F: 78.26136418654978

Generation: 12

[[10  2  4]
 [ 0  2  0]
 [ 0 10  0]
 [ 0  0  4]]

[[ 0  2 10]
 [ 8  0  2]
 [26  2  2]
 [12 26  6]]

[[ 2  4 32]]

Espessura: 0.0003, F: 78.26136418654978

Generation: 13

[[10  2  4]
 [ 0  2  0]
 [ 0 10  0]
 [ 0  0  4]]

[[ 0  2 10]
 [ 8  0  2]
 [26  2  2]
 [12 26  6]]

[[ 2  4 32]]

Espessura: 0.0003, F: 78.26136418654978

Generation: 14

[[10  2  4]
 [ 0  2  0]
 [ 0 10  0]
 [ 0  0  4]]

[[ 0  2 10]
 [ 8  0  2]
 [26  2  2]
 [12 26  6]]

[[ 2  4 32]]

Espessura: 0.0003, F: 78.26136418654978

Generation: 15

[[ 6  0  2]
 [ 0  0  0]
 [ 0 16  0]
 [ 6  0  0]]

[[ 0  0 10]
 [12  0  2]
 [26  0  2]
 [ 6 26 12]]

[[ 4  0 38]]

Espessura: 0.0002, F: 76.18441239547435

Generation: 16

[[ 6  0  2]
 [ 0  0  0]
 [ 0 16  0]
 [ 6  0  0]]

[[ 0  0 10]
 [12  0  2]
 [26  0  2]
 [ 6 26 12]]

[[ 4  0 38]]

Espessura: 0.0002, F: 76.18441239547435

Generation: 17

[[ 6  0  2]
 [ 0  0  0]
 [ 0 16  0]
 [ 6  0  0]]

[[ 0  0 10]
 [12  0  2]
 [26  0  2]
 [ 6 26 12]]

[[ 4  0 38]]

Espessura: 0.0002, F: 76.18441239547435

Generation: 18

[[ 6  0  2]
 [ 0  0  0]
 [ 0 16  0]
 [ 6  0  0]]

[[ 0  0 10]
 [12  0  2]
 [26  0  2]
 [ 6 26 12]]

[[ 4  0 38]]

Espessura: 0.0002, F: 76.18441239547435

Generation: 19

[[ 6  0  2]
 [ 0  0  0]
 [ 0 16  0]
 [ 6  0  0]]

[[ 0  0 10]
 [12  0  2]
 [26  0  2]
 [ 6 26 12]]

[[ 4  0 38]]

Espessura: 0.0002, F: 76.18441239547435