Simulation Algoritmo Evolucionario.Configuration: Generation_Birth = 5
Maximum_Population = 20
N = 1


Generation: 0

[[10 10 10]
 [10 10 10]
 [10 10 10]
 [10 10 10]]

[[10 10 10]
 [10 10 10]
 [10 10 10]
 [10 10 10]]

[[10 10 10]]

Espessura: 0.04, F: 192.69941417882166

Generation: 1

[[ 0 12  4]
 [12 10  8]
 [ 8 14 10]
 [ 6 10 12]]

[[18  8 10]
 [16 10 12]
 [ 8 10 10]
 [ 6 14  4]]

[[20 10  8]]

Espessura: 0.04015, F: 179.64850660920888

Generation: 2

[[ 2  6 12]
 [ 8 12  0]
 [20  6 12]
 [ 2  2 18]]

[[ 8  6  6]
 [20 12  0]
 [ 6 20 10]
 [ 8 10  0]]

[[26 10  0]]

Espessura: 0.039, F: 162.75860914503141

Generation: 3

[[ 0  8  0]
 [14  4  4]
 [ 4 10 10]
 [ 6  4 12]]

[[18  6 14]
 [10  8 14]
 [10 14  8]
 [ 6 20  0]]

[[26  4  6]]

Espessura: 0.03975, F: 143.71957573432428

Generation: 4

[[ 0  8  8]
 [ 2 14  6]
 [22  6  0]
 [14  0  6]]

[[ 2  4 12]
 [ 0 10  4]
 [ 8  6 12]
 [20  0  0]]

[[12 16 16]]

Espessura: 0.04115, F: 135.37157754509985

Generation: 5

[[10  0  0]
 [ 0 12  6]
 [14 14  4]
 [ 0  0 18]]

[[ 4  2  0]
 [14  8  0]
 [ 0 20 14]
 [ 2  4  0]]

[[34  2  0]]

Espessura: 0.0388, F: 121.9071922453086

Generation: 6

[[ 0  6  0]
 [ 4  0  0]
 [ 0  8  8]
 [ 2  0 10]]

[[14  0 14]
 [22 14 14]
 [12 22  0]
 [10 18  6]]

[[30  0 14]]

Espessura: 0.03945, F: 105.51749809811861

Generation: 7

[[ 2  6  2]
 [ 0  0  2]
 [ 0 12  6]
 [ 4  4  6]]

[[ 8  6  8]
 [20 10 14]
 [ 8 20  0]
 [ 8 12  0]]

[[24  6 16]]

Espessura: 0.039, F: 100.69249430149135

Generation: 8

[[4 0 4]
 [2 0 2]
 [4 6 4]
 [6 2 0]]

[[12 10 12]
 [26  8 20]
 [14 14  4]
 [ 6  8  0]]

[[20 12 18]]

Espessura: 0.03925, F: 95.37302797922854

Generation: 9

[[ 8  4  0]
 [ 6  0  4]
 [ 2 10  0]
 [ 2  0  0]]

[[ 4  0 14]
 [14 10 18]
 [ 6 16  6]
 [ 2 14  2]]

[[22  2 16]]

Espessura: 0.03885, F: 87.29471685721585

Generation: 10

[[ 8  4  0]
 [ 6  0  4]
 [ 2 10  0]
 [ 2  0  0]]

[[ 4  0 14]
 [14 10 18]
 [ 6 16  6]
 [ 2 14  2]]

[[22  2 16]]

Espessura: 0.03885, F: 87.29471685721585

Generation: 11

[[14  0  0]
 [ 0  2  0]
 [ 2  6  2]
 [ 2  0  2]]

[[ 0  0  8]
 [10  8 18]
 [ 2 22  4]
 [ 8 16  6]]

[[24  0 10]]

Espessura: 0.03925, F: 78.24689901183169

Generation: 12

[[14  0  0]
 [ 0  2  0]
 [ 2  6  2]
 [ 2  0  2]]

[[ 0  0  8]
 [10  8 18]
 [ 2 22  4]
 [ 8 16  6]]

[[24  0 10]]

Espessura: 0.03925, F: 78.24689901183169

Generation: 13

[[ 0  6  0]
 [ 0  4  0]
 [ 2 16  0]
 [ 2  0 10]]

[[ 0  2  0]
 [16 10  0]
 [ 6 20  0]
 [ 0 12  0]]

[[50  6  2]]

Espessura: 0.0393, F: 77.71982090478602

Generation: 14

[[ 0  6  0]
 [ 0  4  0]
 [ 2 16  0]
 [ 2  0 10]]

[[ 0  2  0]
 [16 10  0]
 [ 6 20  0]
 [ 0 12  0]]

[[50  6  2]]

Espessura: 0.0393, F: 77.71982090478602

Generation: 15

[[ 8  0  2]
 [ 0  2  0]
 [ 0  0 12]
 [ 2  4  0]]

[[ 2  4 10]
 [10  2 26]
 [ 6 20  4]
 [ 0 10  0]]

[[26  6 16]]

Espessura: 0.03915, F: 73.86985417355677

Generation: 16

[[ 0  0 18]
 [ 6  0  0]
 [ 6  0  0]
 [ 4  0  0]]

[[ 0  0  0]
 [ 0  0  0]
 [26  0  0]
 [24 10  2]]

[[26 32  6]]

Espessura: 0.04245, F: 64.93111703816479

Generation: 17

[[ 0  0 18]
 [ 6  0  0]
 [ 6  0  0]
 [ 4  0  0]]

[[ 0  0  0]
 [ 0  0  0]
 [26  0  0]
 [24 10  2]]

[[26 32  6]]

Espessura: 0.04245, F: 64.93111703816479

Generation: 18

[[ 0  0 18]
 [ 6  0  0]
 [ 6  0  0]
 [ 4  0  0]]

[[ 0  0  0]
 [ 0  0  0]
 [26  0  0]
 [24 10  2]]

[[26 32  6]]

Espessura: 0.04245, F: 64.93111703816479

Generation: 19

[[ 0  0 18]
 [ 6  0  0]
 [ 6  0  0]
 [ 4  0  0]]

[[ 0  0  0]
 [ 0  0  0]
 [26  0  0]
 [24 10  2]]

[[26 32  6]]

Espessura: 0.04245, F: 64.93111703816479

Generation: 20

[[ 6  2  2]
 [ 0  4  0]
 [10  0  0]
 [ 0  0  0]]

[[ 0  6 14]
 [ 0  0  0]
 [ 4 24  2]
 [ 6 24  0]]

[[28 18 18]]

Espessura: 0.0391, F: 62.91913457713643

Generation: 21

[[ 6  2  2]
 [ 0  4  0]
 [10  0  0]
 [ 0  0  0]]

[[ 0  6 14]
 [ 0  0  0]
 [ 4 24  2]
 [ 6 24  0]]

[[28 18 18]]

Espessura: 0.0391, F: 62.91913457713643

Generation: 22

[[ 6  2  2]
 [ 0  4  0]
 [10  0  0]
 [ 0  0  0]]

[[ 0  6 14]
 [ 0  0  0]
 [ 4 24  2]
 [ 6 24  0]]

[[28 18 18]]

Espessura: 0.0391, F: 62.91913457713643

Generation: 23

[[ 6  2  2]
 [ 0  4  0]
 [10  0  0]
 [ 0  0  0]]

[[ 0  6 14]
 [ 0  0  0]
 [ 4 24  2]
 [ 6 24  0]]

[[28 18 18]]

Espessura: 0.0391, F: 62.91913457713643

Generation: 24

[[ 0  0 12]
 [ 0  0  2]
 [10  0  0]
 [ 2  0  2]]

[[ 0  0  0]
 [ 4  0  0]
 [30  0 10]
 [18  8  4]]

[[14 30  6]]

Espessura: 0.04235, F: 62.398669847411526

Generation: 25

[[ 0  4 10]
 [ 0  6  4]
 [ 0  0  0]
 [ 2  0  0]]

[[ 0  0  0]
 [ 6  2  0]
 [20  0  0]
 [16 22  8]]

[[26 36 14]]

Espessura: 0.04195, F: 61.80382976597931

Generation: 26

[[ 0  4 10]
 [ 0  6  4]
 [ 0  0  0]
 [ 2  0  0]]

[[ 0  0  0]
 [ 6  2  0]
 [20  0  0]
 [16 22  8]]

[[26 36 14]]

Espessura: 0.04195, F: 61.80382976597931

Generation: 27

[[ 2  0 10]
 [ 4  0  6]
 [ 0  6  0]
 [ 0  0  0]]

[[ 2  0  0]
 [ 0  0  2]
 [26  2  6]
 [22  6  4]]

[[22 36  8]]

Espessura: 0.04205, F: 61.44599451751164

Generation: 28

[[ 0  0 12]
 [ 0  0  2]
 [ 0 12  0]
 [ 0  0  0]]

[[ 2  0  2]
 [ 0  0  0]
 [20  0 10]
 [18  4  6]]

[[22 34 12]]

Espessura: 0.04215, F: 56.29142259456666

Generation: 29

[[ 0  0 12]
 [ 0  0  2]
 [ 0 12  0]
 [ 0  0  0]]

[[ 2  0  2]
 [ 0  0  0]
 [20  0 10]
 [18  4  6]]

[[22 34 12]]

Espessura: 0.04215, F: 56.29142259456666

Generation: 30

[[ 0  0 12]
 [ 0  0  2]
 [ 0 12  0]
 [ 0  0  0]]

[[ 2  0  2]
 [ 0  0  0]
 [20  0 10]
 [18  4  6]]

[[22 34 12]]

Espessura: 0.04215, F: 56.29142259456666

Generation: 31

[[ 0  0 12]
 [ 0  0  2]
 [ 0 12  0]
 [ 0  0  0]]

[[ 2  0  2]
 [ 0  0  0]
 [20  0 10]
 [18  4  6]]

[[22 34 12]]

Espessura: 0.04215, F: 56.29142259456666

Generation: 32

[[ 0  0 14]
 [ 8  0  0]
 [ 0  0  0]
 [ 0  4  0]]

[[ 0  0  6]
 [ 0  0  0]
 [18  4  4]
 [22  2  0]]

[[24 38 16]]

Espessura: 0.0432, F: 53.37734327346585

Generation: 33

[[ 0  0 14]
 [ 8  0  0]
 [ 0  0  0]
 [ 0  4  0]]

[[ 0  0  6]
 [ 0  0  0]
 [18  4  4]
 [22  2  0]]

[[24 38 16]]

Espessura: 0.0432, F: 53.37734327346585

Generation: 34

[[ 0  0 14]
 [ 8  0  0]
 [ 0  0  0]
 [ 0  4  0]]

[[ 0  0  6]
 [ 0  0  0]
 [18  4  4]
 [22  2  0]]

[[24 38 16]]

Espessura: 0.0432, F: 53.37734327346585

Generation: 35

[[ 0  0 14]
 [ 8  0  0]
 [ 0  0  0]
 [ 0  4  0]]

[[ 0  0  6]
 [ 0  0  0]
 [18  4  4]
 [22  2  0]]

[[24 38 16]]

Espessura: 0.0432, F: 53.37734327346585

Generation: 36

[[ 0  0 14]
 [ 8  0  0]
 [ 0  0  0]
 [ 0  4  0]]

[[ 0  0  6]
 [ 0  0  0]
 [18  4  4]
 [22  2  0]]

[[24 38 16]]

Espessura: 0.0432, F: 53.37734327346585