Simulation Algoritmo Evolucionario.Configuration: Generation_Birth = 25
Maximum_Population = 1000
N = 1


Generation: 0

[[ 8 12 10]
 [10 12  8]
 [10  8  8]
 [10  8  8]]

[[ 8 10  8]
 [10 12 10]
 [12  8  8]
 [12  8 10]]

[[12  8 10]]

Espessura: 0.0371, F: 182.0114014572506

Generation: 1

[[ 6  8 12]
 [10 10  6]
 [ 8  8  8]
 [ 8  8  8]]

[[14  8 10]
 [ 8  8 10]
 [10 10 14]
 [12 14  6]]

[[10  6 10]]

Espessura: 0.03845, F: 170.4302984315404

Generation: 2

[[ 4  8  8]
 [ 8 12  6]
 [12  8  8]
 [ 8  4  8]]

[[ 6 14  4]
 [10  8  8]
 [ 8  6  8]
 [12 12 10]]

[[10  4 10]]

Espessura: 0.0366, F: 156.36921989866505

Generation: 3

[[ 6 10  4]
 [ 4 10  6]
 [ 8  6  4]
 [ 6  8  6]]

[[ 8  8  6]
 [12 12  6]
 [16  6 10]
 [12 12 10]]

[[12  4 10]]

Espessura: 0.03745, F: 142.92412805490181

Generation: 4

[[6 8 2]
 [6 6 4]
 [8 6 6]
 [6 4 4]]

[[ 8  4 12]
 [ 6 10 14]
 [ 6  6 10]
 [16  4 16]]

[[ 8 16 10]]

Espessura: 0.0378, F: 124.75975976151884

Generation: 5

[[4 8 0]
 [6 8 2]
 [6 4 4]
 [6 2 2]]

[[10  4 10]
 [ 6 12 16]
 [ 8  6  8]
 [16  2 14]]

[[ 8 16 12]]

Espessura: 0.0376, F: 108.53129641688327

Generation: 6

[[6 4 8]
 [2 0 0]
 [6 8 4]
 [8 0 0]]

[[ 6  4 10]
 [10  6 16]
 [ 6 12  6]
 [16 14  8]]

[[12  6  4]]

Espessura: 0.03825, F: 101.54043781267373

Generation: 7

[[8 0 0]
 [0 6 0]
 [6 6 4]
 [0 2 0]]

[[10 14 16]
 [ 2  8 10]
 [20  6 12]
 [14  2  8]]

[[10 12  8]]

Espessura: 0.0385, F: 88.52209037738565

Generation: 8

[[6 6 4]
 [2 0 0]
 [8 0 0]
 [2 0 0]]

[[ 8  8  2]
 [ 8 12 12]
 [14  8  4]
 [20  4 12]]

[[12 12  4]]

Espessura: 0.0364, F: 79.35624555388263

Generation: 9

[[2 4 0]
 [0 6 2]
 [0 8 2]
 [2 2 0]]

[[ 4  6 10]
 [ 0  8 12]
 [18  4  4]
 [ 2  4  0]]

[[10 18 12]]

Espessura: 0.0378, F: 64.36927001374323

Generation: 10

[[10  0  0]
 [ 2  2  0]
 [ 8  0  0]
 [ 2  2  0]]

[[12  2 10]
 [ 2  8 10]
 [ 8 16  0]
 [ 6  0  0]]

[[10  8 20]]

Espessura: 0.0376, F: 61.74919561482145

Generation: 11

[[0 2 2]
 [0 4 0]
 [0 8 2]
 [0 0 0]]

[[ 2  4  8]
 [ 2 10 14]
 [22  4  2]
 [ 2  0  0]]

[[ 8 14 16]]

Espessura: 0.0379, F: 50.99998971286605

Generation: 12

[[0 4 2]
 [0 2 2]
 [0 6 0]
 [0 0 0]]

[[ 2  2  6]
 [ 2 12 14]
 [22  2  0]
 [ 0  0  0]]

[[10 16 16]]

Espessura: 0.03835, F: 45.23034221585199

Generation: 13

[[0 4 2]
 [0 2 2]
 [0 6 0]
 [0 0 0]]

[[ 2  2  6]
 [ 2 12 14]
 [22  2  0]
 [ 0  0  0]]

[[10 16 16]]

Espessura: 0.03835, F: 45.23034221585199

Generation: 14

[[0 6 0]
 [0 2 0]
 [0 6 0]
 [0 0 0]]

[[ 4  4  8]
 [ 0  6  8]
 [18  0  6]
 [ 0  0  4]]

[[10 14 12]]

Espessura: 0.03835, F: 41.33594303452611

Generation: 15

[[0 2 0]
 [2 0 0]
 [0 8 0]
 [0 2 0]]

[[ 0  2 10]
 [ 2 12 10]
 [16  0  0]
 [ 0  2  0]]

[[16 16 14]]

Espessura: 0.03835, F: 39.87034349545832

Generation: 16

[[0 2 2]
 [4 0 0]
 [2 6 0]
 [0 0 0]]

[[ 0  2  0]
 [ 0  2 12]
 [16  0 14]
 [ 0  0  0]]

[[10 18 20]]

Espessura: 0.03675, F: 38.01034900937472

Generation: 17

[[2 2 0]
 [0 2 0]
 [4 0 2]
 [0 0 0]]

[[ 0  0  6]
 [ 2  2 14]
 [18  8  0]
 [ 0  0  0]]

[[ 8  6 14]]

Espessura: 0.0385, F: 34.751867191399995

Generation: 18

[[4 0 0]
 [0 2 0]
 [0 8 0]
 [0 0 0]]

[[ 4  0  2]
 [ 0  0 18]
 [16  0  0]
 [ 0  0  0]]

[[12 22 10]]

Espessura: 0.0379, F: 33.508701103896435

Generation: 19

[[0 4 0]
 [2 0 0]
 [0 6 0]
 [0 0 0]]

[[ 0  0  8]
 [ 6  0  6]
 [22  0  2]
 [ 0  0  0]]

[[ 6 24 14]]

Espessura: 0.038, F: 32.82082194738613

Generation: 20

[[0 4 0]
 [2 0 0]
 [0 6 0]
 [0 0 0]]

[[ 0  0  8]
 [ 6  0  6]
 [22  0  2]
 [ 0  0  0]]

[[ 6 24 14]]

Espessura: 0.038, F: 32.82082194738613

Generation: 21

[[0 4 0]
 [2 0 0]
 [0 6 0]
 [0 0 0]]

[[ 0  0  8]
 [ 6  0  6]
 [22  0  2]
 [ 0  0  0]]

[[ 6 24 14]]

Espessura: 0.038, F: 32.82082194738613

Generation: 22

[[0 4 0]
 [2 0 0]
 [0 6 0]
 [0 0 0]]

[[ 0  0  8]
 [ 6  0  6]
 [22  0  2]
 [ 0  0  0]]

[[ 6 24 14]]

Espessura: 0.038, F: 32.82082194738613

Generation: 23

[[0 4 0]
 [2 0 0]
 [0 6 0]
 [0 0 0]]

[[ 0  0  8]
 [ 6  0  6]
 [22  0  2]
 [ 0  0  0]]

[[ 6 24 14]]

Espessura: 0.038, F: 32.82082194738613