Simulation Algoritmo Evolucionario. Best SelectedConfiguration: Generation_Birth = 5
Maximum_Population = 20
N = 1


Generation: 0

[[0 4 0]
 [6 4 0]
 [0 0 0]
 [6 0 0]]

[[0 4 0]
 [6 4 0]
 [0 0 0]
 [0 4 0]]

[[0 4 0]]

Espessura: 0.0225178, F: 32.28139778027104

Generation: 1

[[0 4 0]
 [6 4 0]
 [0 0 0]
 [6 0 0]]

[[0 4 0]
 [6 4 0]
 [0 0 0]
 [0 4 0]]

[[0 4 0]]

Espessura: 0.0225178, F: 32.28139778027104

Generation: 2

[[0 4 0]
 [6 4 0]
 [0 0 0]
 [6 0 0]]

[[0 4 0]
 [6 4 0]
 [0 0 0]
 [0 4 0]]

[[0 4 0]]

Espessura: 0.0225178, F: 32.28139778027104

Generation: 3

[[0 4 0]
 [6 4 0]
 [0 0 0]
 [6 0 0]]

[[0 4 0]
 [6 4 0]
 [0 0 0]
 [0 4 0]]

[[0 4 0]]

Espessura: 0.0225178, F: 32.28139778027104

Generation: 4

[[0 4 0]
 [6 4 0]
 [0 0 0]
 [6 0 0]]

[[0 4 0]
 [6 4 0]
 [0 0 0]
 [0 4 0]]

[[0 4 0]]

Espessura: 0.0225178, F: 32.28139778027104

Generation: 5

[[0 4 0]
 [6 4 0]
 [0 0 0]
 [6 0 0]]

[[0 4 0]
 [6 4 0]
 [0 0 0]
 [0 4 0]]

[[0 4 0]]

Espessura: 0.0225178, F: 32.28139778027104