Simulation Algoritmo Evolucionario.Configuration: Generation_Birth = 5
Maximum_Population = 10
N = 1


Generation: 0

[[ 8 16  2]
 [ 6  8 18]
 [ 6 20  8]
 [ 8  8  4]]

[[ 6  2  6]
 [12  0 18]
 [20  2 20]
 [14  4  4]]

[[ 0 16 14]]

Espessura: 0.02495, F: 178.84269114155973

Generation: 1

[[10 12  8]
 [ 0 16  8]
 [10 14  0]
 [ 0 18  2]]

[[ 4 10  2]
 [ 6  0 12]
 [26  0 20]
 [ 4  0 10]]

[[10 14 12]]

Espessura: 0.0245, F: 158.4286143301844

Generation: 2

[[ 2 18  2]
 [ 0  8 14]
 [16 14  0]
 [ 0  0 14]]

[[ 6  0  8]
 [ 2  0 28]
 [26  0 30]
 [10  8  0]]

[[ 0 12 16]]

Espessura: 0.0254, F: 153.06574143969672

Generation: 3

[[ 0  6  0]
 [ 0  0 16]
 [14 12  8]
 [14  0  4]]

[[16  0  8]
 [14 10  8]
 [14  2 18]
 [ 8  0  4]]

[[0 8 4]]

Espessura: 0.02495, F: 128.7683897488664

Generation: 4

[[ 6  8  0]
 [ 2  0 14]
 [ 6  8  6]
 [ 0 10  4]]

[[16  0 14]
 [10  0 18]
 [30  0 24]
 [ 4 10  0]]

[[ 0  2 20]]

Espessura: 0.0249, F: 127.13219681965

Generation: 5

[[ 0  6  4]
 [ 2 12  0]
 [16  0  6]
 [ 8  8  0]]

[[ 2  0 12]
 [10 14 12]
 [24 18  0]
 [ 0  0  2]]

[[12 52 10]]

Espessura: 0.0242, F: 114.11235834185965

Generation: 6

[[ 0  0  0]
 [ 0 14  0]
 [20  0  0]
 [ 4  2  4]]

[[12  0 22]
 [ 6 18 16]
 [14 10  4]
 [ 0  0  8]]

[[16 48 20]]

Espessura: 0.0239, F: 97.98715305059794

Generation: 7

[[18  0  6]
 [10  0  2]
 [ 0  0  2]
 [ 4  0  2]]

[[ 6  6  6]
 [14  2 18]
 [18  0 16]
 [ 4  2  2]]

[[ 0 14 24]]

Espessura: 0.0246, F: 89.0855063990326

Generation: 8

[[18  0  6]
 [10  0  2]
 [ 0  0  2]
 [ 4  0  2]]

[[ 6  6  6]
 [14  2 18]
 [18  0 16]
 [ 4  2  2]]

[[ 0 14 24]]

Espessura: 0.0246, F: 89.0855063990326

Generation: 9

[[18  0  6]
 [10  0  2]
 [ 0  0  2]
 [ 4  0  2]]

[[ 6  6  6]
 [14  2 18]
 [18  0 16]
 [ 4  2  2]]

[[ 0 14 24]]

Espessura: 0.0246, F: 89.0855063990326

Generation: 10

[[ 0  0 10]
 [ 4 14  0]
 [ 0  0  8]
 [ 0  0  2]]

[[ 6  0  6]
 [ 0 12  2]
 [26 30  0]
 [ 0 16  0]]

[[16 22  8]]

Espessura: 0.02355, F: 86.66370793417661

Generation: 11

[[ 0  0 10]
 [ 4 14  0]
 [ 0  0  8]
 [ 0  0  2]]

[[ 6  0  6]
 [ 0 12  2]
 [26 30  0]
 [ 0 16  0]]

[[16 22  8]]

Espessura: 0.02355, F: 86.66370793417661

Generation: 12

[[20  0  0]
 [ 4  4  0]
 [ 0  0  0]
 [ 0  2  0]]

[[ 2  6 14]
 [14  4 28]
 [22  0 14]
 [ 0  0  8]]

[[ 0 16 28]]

Espessura: 0.0242, F: 80.55567182525924

Generation: 13

[[20  0  0]
 [ 4  4  0]
 [ 0  0  0]
 [ 0  2  0]]

[[ 2  6 14]
 [14  4 28]
 [22  0 14]
 [ 0  0  8]]

[[ 0 16 28]]

Espessura: 0.0242, F: 80.55567182525924

Generation: 14

[[20  0  0]
 [ 4  4  0]
 [ 0  0  0]
 [ 0  2  0]]

[[ 2  6 14]
 [14  4 28]
 [22  0 14]
 [ 0  0  8]]

[[ 0 16 28]]

Espessura: 0.0242, F: 80.55567182525924

Generation: 15

[[ 6  4  0]
 [ 0 14  2]
 [ 0  0  0]
 [ 8  0  0]]

[[14  0  0]
 [ 0 22  0]
 [14 16  0]
 [14  0 10]]

[[22  6  0]]

Espessura: 0.02375, F: 79.44665262578285

Generation: 16

[[6 0 0]
 [0 6 8]
 [0 0 0]
 [2 6 2]]

[[ 0  2  0]
 [ 0 18  0]
 [16 18  8]
 [14  0  0]]

[[36  4 10]]

Espessura: 0.0234, F: 68.06384192166722

Generation: 17

[[6 0 0]
 [0 6 8]
 [0 0 0]
 [2 6 2]]

[[ 0  2  0]
 [ 0 18  0]
 [16 18  8]
 [14  0  0]]

[[36  4 10]]

Espessura: 0.0234, F: 68.06384192166722

Generation: 18

[[6 0 0]
 [0 6 8]
 [0 0 0]
 [2 6 2]]

[[ 0  2  0]
 [ 0 18  0]
 [16 18  8]
 [14  0  0]]

[[36  4 10]]

Espessura: 0.0234, F: 68.06384192166722

Generation: 19

[[6 0 0]
 [0 6 8]
 [0 0 0]
 [2 6 2]]

[[ 0  2  0]
 [ 0 18  0]
 [16 18  8]
 [14  0  0]]

[[36  4 10]]

Espessura: 0.0234, F: 68.06384192166722

Generation: 20

[[6 0 0]
 [0 6 8]
 [0 0 0]
 [2 6 2]]

[[ 0  2  0]
 [ 0 18  0]
 [16 18  8]
 [14  0  0]]

[[36  4 10]]

Espessura: 0.0234, F: 68.06384192166722