Simulation Algoritmo Evolucionario. Best SelectedConfiguration: Generation_Birth = 5
Maximum_Population = 10
N = 1


Generation: 0

[[14  6  0]
 [14  0  0]
 [ 0  0  0]
 [14  0  0]]

[[ 0  6  0]
 [14  0  0]
 [ 0  0  0]
 [ 0  6  0]]

[[14  6  0]]

Espessura: 0.0086364, F: 68.65627430932628

Generation: 1

[[14  6  0]
 [14  0  0]
 [ 0  0  0]
 [14  0  0]]

[[ 0  6  0]
 [14  0  0]
 [ 0  0  0]
 [ 0  6  0]]

[[14  6  0]]

Espessura: 0.0086364, F: 68.65627430932628

Generation: 2

[[14  6  0]
 [14  0  0]
 [ 0  0  0]
 [14  0  0]]

[[ 0  6  0]
 [14  0  0]
 [ 0  0  0]
 [ 0  6  0]]

[[14  6  0]]

Espessura: 0.0086364, F: 68.65627430932628

Generation: 3

[[14  6  0]
 [14  0  0]
 [ 0  0  0]
 [14  0  0]]

[[ 0  6  0]
 [14  0  0]
 [ 0  0  0]
 [ 0  6  0]]

[[14  6  0]]

Espessura: 0.0086364, F: 68.65627430932628

Generation: 4

[[14  6  0]
 [14  0  0]
 [ 0  0  0]
 [14  0  0]]

[[ 0  6  0]
 [14  0  0]
 [ 0  0  0]
 [ 0  6  0]]

[[14  6  0]]

Espessura: 0.0086364, F: 68.65627430932628

Generation: 5

[[14  6  0]
 [14  0  0]
 [ 0  0  0]
 [14  0  0]]

[[ 0  6  0]
 [14  0  0]
 [ 0  0  0]
 [ 0  6  0]]

[[14  6  0]]

Espessura: 0.0086364, F: 68.65627430932628