Simulation Algoritmo Evolucionario.Configuration: Generation_Birth = 5
Maximum_Population = 20
N = 1


Generation: 0

[[14  8  4]
 [12 10 12]
 [12 12 14]
 [ 6  6  4]]

[[10 12  4]
 [12  8 10]
 [10 12 10]
 [ 4 16 12]]

[[ 6 16 12]]

Espessura: 0.02545, F: 185.87934276436076

Generation: 1

[[ 8  8  0]
 [ 6 14 10]
 [ 8 14  8]
 [ 6  8  8]]

[[12 16  2]
 [12  8  4]
 [ 4 14 10]
 [ 4 18 18]]

[[ 0 22 10]]

Espessura: 0.02515, F: 169.29773319344406

Generation: 2

[[ 8  4  6]
 [ 8 14 14]
 [10 12 16]
 [ 4  0  0]]

[[ 8 12  0]
 [18  4 12]
 [ 6 12 12]
 [10 20  8]]

[[ 0 16  8]]

Espessura: 0.0259, F: 164.7800103908458

Generation: 3

[[ 2  2  0]
 [10 16  4]
 [ 2 14  2]
 [ 4  4  4]]

[[12 18  4]
 [18 14  4]
 [10 18  4]
 [ 2 20 12]]

[[ 0 24  8]]

Espessura: 0.0256, F: 135.51765658356032

Generation: 4

[[ 0 18  6]
 [ 8  0  0]
 [14 10  8]
 [ 0  0  0]]

[[14  8  0]
 [16  4 12]
 [ 4 24  8]
 [ 4  6  8]]

[[ 4  6 14]]

Espessura: 0.02625, F: 122.28886030813007

Generation: 5

[[ 0 14  6]
 [12  0  0]
 [10  4  6]
 [ 0  0  0]]

[[ 8 12  0]
 [16  0 18]
 [10 28  2]
 [ 2  2  2]]

[[ 0  0 20]]

Espessura: 0.0264, F: 104.12577855221596

Generation: 6

[[ 0 14  6]
 [12  0  0]
 [10  4  6]
 [ 0  0  0]]

[[ 8 12  0]
 [16  0 18]
 [10 28  2]
 [ 2  2  2]]

[[ 0  0 20]]

Espessura: 0.0264, F: 104.12577855221596

Generation: 7

[[ 0 14  6]
 [12  0  0]
 [10  4  6]
 [ 0  0  0]]

[[ 8 12  0]
 [16  0 18]
 [10 28  2]
 [ 2  2  2]]

[[ 0  0 20]]

Espessura: 0.0264, F: 104.12577855221596

Generation: 8

[[ 0  2  0]
 [ 4  0 10]
 [ 2  6  6]
 [ 2  0  4]]

[[ 8 14  4]
 [38 10  0]
 [ 6 26 16]
 [ 0 10  8]]

[[ 2 32  2]]

Espessura: 0.02565, F: 100.28347666798591

Generation: 9

[[ 0  6  2]
 [ 4  6  4]
 [ 2  4 12]
 [ 0  0  0]]

[[10  4  0]
 [24  8  0]
 [18 20  0]
 [ 0 14 16]]

[[ 2 14 10]]

Espessura: 0.0255, F: 95.22451928674587

Generation: 10

[[ 0 14  0]
 [ 2  0  0]
 [ 4  6 10]
 [ 0  0  0]]

[[ 8 16  4]
 [14  4  0]
 [ 6 16 18]
 [ 0  6  2]]

[[ 2  4 10]]

Espessura: 0.0261, F: 82.98470368025801

Generation: 11

[[ 0 14  0]
 [ 2  0  0]
 [ 4  6 10]
 [ 0  0  0]]

[[ 8 16  4]
 [14  4  0]
 [ 6 16 18]
 [ 0  6  2]]

[[ 2  4 10]]

Espessura: 0.0261, F: 82.98470368025801

Generation: 12

[[ 0 14  0]
 [ 2  0  0]
 [ 4  6 10]
 [ 0  0  0]]

[[ 8 16  4]
 [14  4  0]
 [ 6 16 18]
 [ 0  6  2]]

[[ 2  4 10]]

Espessura: 0.0261, F: 82.98470368025801

Generation: 13

[[2 8 2]
 [0 4 4]
 [0 0 0]
 [0 8 2]]

[[16  0  2]
 [12  0 22]
 [ 0 24 10]
 [16  0  6]]

[[ 2  8 16]]

Espessura: 0.0265, F: 80.72550769316558

Generation: 14

[[0 6 2]
 [0 4 2]
 [0 6 6]
 [0 0 0]]

[[ 6 16  0]
 [14  0  0]
 [ 8 26 12]
 [ 0 10  6]]

[[ 4  4 20]]

Espessura: 0.0263, F: 72.79077048112016

Generation: 15

[[0 6 2]
 [0 4 2]
 [0 6 6]
 [0 0 0]]

[[ 6 16  0]
 [14  0  0]
 [ 8 26 12]
 [ 0 10  6]]

[[ 4  4 20]]

Espessura: 0.0263, F: 72.79077048112016

Generation: 16

[[0 6 2]
 [0 4 2]
 [0 6 6]
 [0 0 0]]

[[ 6 16  0]
 [14  0  0]
 [ 8 26 12]
 [ 0 10  6]]

[[ 4  4 20]]

Espessura: 0.0263, F: 72.79077048112016

Generation: 17

[[0 6 2]
 [0 4 2]
 [0 6 6]
 [0 0 0]]

[[ 6 16  0]
 [14  0  0]
 [ 8 26 12]
 [ 0 10  6]]

[[ 4  4 20]]

Espessura: 0.0263, F: 72.79077048112016

Generation: 18

[[0 6 2]
 [0 4 2]
 [0 6 6]
 [0 0 0]]

[[ 6 16  0]
 [14  0  0]
 [ 8 26 12]
 [ 0 10  6]]

[[ 4  4 20]]

Espessura: 0.0263, F: 72.79077048112016