Simulation Algoritmo Evolucionario. Best SelectedConfiguration: Generation_Birth = 5
Maximum_Population = 20
N = 1


Generation: 0

[[ 2 12  0]
 [ 0 12  0]
 [ 0  0  0]
 [ 0 12  0]]

[[ 0  0  0]
 [ 2 12  0]
 [ 0  0  0]
 [ 2 12  0]]

[[2 0 0]]

Espessura: 0.0059855, F: 60.806314210485816

Generation: 1

[[ 2 12  0]
 [ 0 12  0]
 [ 0  0  0]
 [ 0 12  0]]

[[ 0  0  0]
 [ 2 12  0]
 [ 0  0  0]
 [ 2 12  0]]

[[2 0 0]]

Espessura: 0.0059855, F: 60.806314210485816

Generation: 2

[[ 2 12  0]
 [ 0 12  0]
 [ 0  0  0]
 [ 0 12  0]]

[[ 0  0  0]
 [ 2 12  0]
 [ 0  0  0]
 [ 2 12  0]]

[[2 0 0]]

Espessura: 0.0059855, F: 60.806314210485816

Generation: 3

[[ 2 12  0]
 [ 0 12  0]
 [ 0  0  0]
 [ 0 12  0]]

[[ 0  0  0]
 [ 2 12  0]
 [ 0  0  0]
 [ 2 12  0]]

[[2 0 0]]

Espessura: 0.0059855, F: 60.806314210485816

Generation: 4

[[ 2 12  0]
 [ 0 12  0]
 [ 0  0  0]
 [ 0 12  0]]

[[ 0  0  0]
 [ 2 12  0]
 [ 0  0  0]
 [ 2 12  0]]

[[2 0 0]]

Espessura: 0.0059855, F: 60.806314210485816

Generation: 5

[[ 0  8  2]
 [ 0 14  0]
 [ 0  0  0]
 [ 4  8  0]]

[[ 0  0  0]
 [ 0 12  2]
 [ 0  0  0]
 [ 0 12  2]]

[[12  0  0]]

Espessura: 0.0061355, F: 57.65380862941035

Generation: 6

[[ 0  8  2]
 [ 0 14  0]
 [ 0  0  0]
 [ 4  8  0]]

[[ 0  0  0]
 [ 0 12  2]
 [ 0  0  0]
 [ 0 12  2]]

[[12  0  0]]

Espessura: 0.0061355, F: 57.65380862941035

Generation: 7

[[ 0  8  2]
 [ 0 14  0]
 [ 0  0  0]
 [ 4  8  0]]

[[ 0  0  0]
 [ 0 12  2]
 [ 0  0  0]
 [ 0 12  2]]

[[12  0  0]]

Espessura: 0.0061355, F: 57.65380862941035

Generation: 8

[[ 0  8  2]
 [ 0 14  0]
 [ 0  0  0]
 [ 4  8  0]]

[[ 0  0  0]
 [ 0 12  2]
 [ 0  0  0]
 [ 0 12  2]]

[[12  0  0]]

Espessura: 0.0061355, F: 57.65380862941035

Generation: 9

[[ 0  8  2]
 [ 0 14  0]
 [ 0  0  0]
 [ 4  8  0]]

[[ 0  0  0]
 [ 0 12  2]
 [ 0  0  0]
 [ 0 12  2]]

[[12  0  0]]

Espessura: 0.0061355, F: 57.65380862941035